

==========================
Threshold 0.4

Precision = 0.219159
Recall = 0.639053
AER = 0.701509
==========================
Threshold 0.5

Precision = 0.239020
Recall = 0.594675
AER = 0.681997
==========================
Threshold 0.7

Precision = 0.370000
Recall = 0.369822
AER = 0.630081